XMR-USD: 241.02785
ADA-USD: 1.8657845
RKLB: 16.28
PLTR: 22.49
TSLA: 1089.01
