XMR-USD: 203.71866
ADA-USD: 1.5131946
RKLB: 10.42
PLTR: 16.01
TSLA: 1049.61
