XMR-USD: 209.26764
ADA-USD: 1.4247491
RKLB: 10.09
PLTR: 14.97
TSLA: 1030.51
