XMR-USD: 154.01477
ADA-USD: 0.8845715
RKLB: 9.45
PLTR: 11.47
TSLA: 809.87
