XMR-USD: 186.05368
ADA-USD: 0.59035957
RKLB: 4.98
PLTR: 8.98
TSLA: 714.84
