XMR-USD: 239.81973
ADA-USD: 1.8537924
RKLB: 16.28
PLTR: 22.49
TSLA: 1089.01
