XMR-USD: 197.57945
ADA-USD: 1.2326533
RKLB: 10.86
PLTR: 16.89
TSLA: 1064.4
