XMR-USD: 281.13577
ADA-USD: 2.2715485
RKLB: 14.71
PLTR: 23.5
TSLA: 785.49
