XMR-USD: 278.98767
ADA-USD: 2.1233892
RKLB: 13.0
PLTR: 24.43
TSLA: 909.68
